102,0
101,3
101,1
101,0
100,3
100,1
100,0
99,3
99,1
99,0
98,3
98,1
98,0
97,3
97,1
97,0
96,3
96,1
96,0
95,3
95,1
95,0
94,3
94,1
94,0
93,3
93,1
93,0
92,3
92,1
92,0
91,3
91,1
91,0
90,3
90,1
90,0
89,3
89,1
89,0
88,3
88,1
88,0
87,3
87,1
87,0
86,3
86,1
86,0
85,3
85,1
85,0
84,3
84,1
84,0
83,3
83,1
83,0
82,3
82,1
82,0
81,3
81,1
81,0
80,3
80,1
80,0
79,3
79,1
79,0
78,3
78,1
78,0
77,3
77,1
77,0
76,3
76,1
76,0
64,3
64,1
64,0
4,2
4,3
4,1
4,0
3,6
3,5
3,4
3,3
3,2
3,1
3,0
2,2
1,2
0,243
0,440
2,4
1,1
1,3
1,0
2,1
2,5
2,3
2,0
0,9
0,310
0,305
0,308
0,304
0,303
0,302
0,307
0,12
0,428
0,10
0,8
0,0
0,420
0,300
0,419
0,299
0,418
0,298
0,433
0,297
0,417
0,296
0,416
0,295
0,415
0,294
0,414
0,293
0,413
0,292
0,412
0,291
0,436
0,290
0,411
0,289
0,410
0,288
0,409
0,287
0,407
0,286
0,406
0,285
0,405
0,284
0,432
0,283
0,404
0,282
0,403
0,281
0,402
0,280
0,401
0,279
0,400
0,278
0,399
0,277
0,429
0,276
0,398
0,275
0,397
0,274
0,396
102,1
102,3
103,1
103,3
104,1
104,3
105,1
106,0
106,1
107,0
107,1
108,0
108,3
109,0
109,3
110,0
110,3
110,1
109,1
108,1
107,3
106,3
105,3
105,0
104,0
103,0
0,273
0,395
0,272
0,394
0,271
0,393
0,270
0,392
0,269
0,391
0,268
0,390
0,267
0,435
0,266
0,389
0,265
0,388
0,264
0,387
0,263
0,386
0,262
0,385
0,261
0,384
0,260
0,438
0,259
0,383
0,258
0,382
0,257
0,381
0,256
0,380
0,255
0,379
0,254
0,378
0,253
0,439
0,252
0,377
0,251
0,376
0,250
0,375
0,249
0,374
0,248
0,431
0,247
0,373
0,246
0,372
0,245
0,371
0,244
0,370
0,242
0,369
0,241
0,368
0,240
0,430
0,239
0,367
0,238
0,366
0,237
0,365
0,236
0,364
0,235
0,363
0,234
0,362
0,233
0,427
0,232
0,361
0,231
0,360
0,230
0,359
0,229
0,358
0,228
0,357
0,227
0,356
0,226
0,426
0,225
0,355
0,224
0,354
0,223
0,353
0,222
0,352
0,221
0,351
0,220
0,350
0,219
0,425
0,218
0,349
0,217
0,348
0,216
0,347
0,215
0,346
0,214
0,345
0,213
0,344
0,212
0,424
0,211
0,343
0,210
0,342
0,209
0,341
0,208
0,340
0,207
0,339
0,206
0,338
0,205
0,423
0,204
0,337
0,203
0,336
0,202
0,335
0,201
0,334
0,200
0,333
0,199
0,332
0,198
0,422
0,197
0,331
0,196
0,330
0,195
0,329
0,194
0,328
0,193
0,327
0,192
0,326
0,63
0,421
0,62
0,325
0,61
0,324
0,60
0,323
0,59
0,321
0,58
0,437
0,57
0,320
0,56
0,319
0,55
0,318
0,54
0,317
0,53
0,316
0,52
0,315
0,51
0,314
0,50
0,313
0,49
0,312
0,48
0,311
0,47
0,309
0,46
0,306
0,45
0,301
0,6
0,5
0,1
0,11
0,4
0,2
0,3
0,7
